"id" "y" "x"
"1" 1 19 16.51
"2" 2 165 71.34
"3" 3 196 125.52
"4" 4 192 105.79
"5" 5 235 89.41
"6" 6 124 61.32
"7" 7 38 21.14
"8" 8 156 114.45
"9" 9 40 53.27
"10" 10 553 321.54
"11" 11 38 18.43
"12" 12 358 199.94
"13" 13 55 26.55
"14" 14 230 130.75
"15" 15 157 85.52
"16" 16 63 28.09
"17" 17 39 27.19
"18" 18 3 33.65
"19" 19 104 50.25
"20" 20 9 8.62
"21" 21 393 207.03
"22" 22 43 42.05
"23" 23 51 35.17
"24" 24 65 30.41
"25" 25 422 410.31
"26" 26 24 34.47
"27" 27 11 8.19
"28" 28 112 64.1
"29" 29 88 79.76
"30" 30 161 127.44
"31" 31 90 106.39
"32" 32 250 152.07
"33" 33 4 12.25
"34" 34 14 7.57
"35" 35 138 81.58
"36" 36 853 442.33
"37" 37 337 262.84
"38" 38 74 32.37
"39" 39 61 35.47
"40" 40 117 143.66
"41" 41 102 74.41
"42" 42 153 96.32
"43" 43 28 35.35
"44" 44 148 208.68
"45" 45 297 211.06
"46" 46 32 32.24
"47" 47 235 275.52
"48" 48 116 47.4
"49" 49 305 228.27
"50" 50 34 30.4
"51" 51 563 260.34
"52" 52 14 9.12
"53" 53 80 129.68
"54" 54 819 482.27
"55" 55 73 54.42
"56" 56 81 104.75
"57" 57 102 196.55
"58" 58 734 286.47
"59" 59 131 93.68
"60" 60 43 19.28
"61" 61 68 58.36
"62" 62 107 57.61
"63" 63 54 30.35
"64" 64 43 26.72
"65" 65 161 170.9
"66" 66 16 20.41
"67" 67 97 36.52
"68" 68 32 11.26
"69" 69 75 75.22
"70" 70 58 27.83
"71" 71 37 70.48
"72" 72 172 135.37
"73" 73 168 163.84
"74" 74 62 74.77
"75" 75 23 26.7
"76" 76 3 1.43
"77" 77 33 30.23
"78" 78 84 46.62
"79" 79 35 18.67
"80" 80 501 309.39
"82" 81 27 28.25
"83" 82 20 11.03
"86" 83 316 162.69
"87" 84 195 122.05
"88" 85 374 216.44
"89" 86 202 167
"90" 87 303 163.23
"91" 88 203 113.97
"92" 89 91 73.84
"93" 90 40 37.9
"94" 91 233 159.03
"95" 92 160 117.03
"96" 93 11 6.97
"97" 94 20 11.07
"98" 95 69 35.5
"99" 96 4 5.91
"100" 97 284 193.12
"101" 98 316 184.05
"102" 99 58 37.97
"103" 100 89 71.74
"104" 101 254 172.6
"105" 102 9 7.83
"106" 103 19 9.19
"107" 104 368 286.29
"108" 105 30 16.16
"109" 106 137 101.72
"110" 107 78 74.15
"111" 108 70 134.86
"112" 109 23 17.05
"113" 110 35 53.67
"114" 111 7 4.34
"115" 112 120 251.78
"116" 113 124 114.45
"117" 114 188 173.18
"118" 115 150 78.07
"119" 116 17 47.25
"120" 117 96 68.25
"121" 118 66 51.5
"122" 119 73 92
"123" 120 8 1.44
"124" 121 3 3.95
"125" 122 256 145.3
"126" 123 597 449.48
"127" 124 87 181.93
"128" 125 20 14.32
"129" 126 101 54.99
"130" 127 115 108.06
"131" 128 285 240.16
"132" 129 134 65.43
"133" 130 96 67.73
"135" 131 71 48.9
"136" 132 139 70.48
"137" 133 246 135.5
"138" 134 80 70.54
"139" 135 260 115.67
"140" 136 156 138.3
"141" 137 567 290.8
"142" 138 79 46.52
"143" 139 36 19.7
"144" 140 264 184.69
"145" 141 67 43.82
"146" 142 30 38.16
"147" 143 253 125.58
"148" 144 84 39.24
"149" 145 346 158.79
"150" 146 93 123.01
"151" 147 201 125.14
"152" 148 53 27.19
"153" 149 299 207.3
"154" 150 39 18.42
"155" 151 102 149.07
"156" 152 176 215.75
"157" 153 140 64.28
"158" 154 46 28.32
"159" 155 40 18.7
"160" 156 123 134.29
"161" 157 17 17.48
"162" 158 42 19.67
"163" 159 114 93.06
"164" 160 31 17.23
"165" 161 80 47.03
"166" 162 71 62.11
"167" 163 80 52.16
"168" 164 33 28.57
"169" 165 248 193.91
"170" 166 191 98.44
"171" 167 107 52.9
"172" 168 209 103.05
"173" 169 32 14.52
"174" 170 53 31.18
"175" 171 1103 423.49
"176" 172 280 185.03
"177" 173 863 448.65
"178" 174 37 21.19
"179" 175 40 46.06
"181" 176 49 31.23
"182" 177 189 186.72
"183" 178 143 227.83
"184" 179 88 111.95
"185" 180 427 177.99
"186" 181 150 62.18
"187" 182 141 94.75
"188" 183 22 11.78
"190" 184 34 41.09
"191" 185 21 10.91
"192" 186 126 93.89
"193" 187 764 360.17
"194" 188 65 50.6
"195" 189 48 24.76
"196" 190 39 29.38
"197" 191 385 248.44
"198" 192 74 44.82
"199" 193 155 100.13
"201" 194 106 58.38
"202" 195 4 9.82
"203" 196 137 85.94
"204" 197 25 19.34
"205" 198 37 21.21
"206" 199 14 13.26
"207" 200 29 17.23
"208" 201 230 109.98
"209" 202 515 325.12
"210" 203 348 153.7
"211" 204 619 329.65
"212" 205 66 64.7
"213" 206 195 180.64
"214" 207 212 110.75
"215" 208 10 25.66
"216" 209 176 87.93
"217" 210 783 476.03
"218" 211 304 148.46
"219" 212 136 85.07
"220" 213 399 356.99
"221" 214 70 52.97
"222" 215 83 83.93
"223" 216 71 46.41
"224" 217 258 164.28
"225" 218 51 54.1
"226" 219 445 306.26
"227" 220 89 66.27
"228" 221 164 107.92
"229" 222 26 13.95
"230" 223 278 150.58
"231" 224 409 381.67
"232" 225 161 160.21
"233" 226 104 89.39
"234" 227 96 87.89
"235" 228 121 88.03
"236" 229 182 156.15
"237" 230 33 87.04
"238" 231 18 7.68
"239" 232 21 16.6
"240" 233 63 29.65
"241" 234 25 15.46
"242" 235 7 88.59
"243" 236 239 158.76
"244" 237 265 155.32
"245" 238 62 44.92
"246" 239 180 75.73
"247" 240 67 54.79
"248" 241 120 102
"249" 242 260 214.66
"250" 243 43 39.16
"251" 244 22 18.15
"252" 245 22 12.34
"253" 246 426 222.37
"254" 247 19 32.18
"255" 248 216 141.72
"256" 249 29 14.3
"257" 250 101 48.75
"258" 251 98 76.76
"259" 252 83 91.63
"260" 253 31 37.57
"261" 254 106 55.98
"262" 255 223 142.77
"263" 256 150 67.26
"264" 257 104 103.15
"265" 258 63 63.29
"266" 259 208 113.33
"267" 260 178 130.38
"268" 261 55 47.59
"269" 262 69 38.2
"270" 263 51 53.56
"271" 264 39 19.59
"272" 265 9 6.32
"273" 266 54 65
"274" 267 59 39.5
"275" 268 177 147.65
"276" 269 188 191.86
"277" 270 221 231.25
"278" 271 402 218.18
"279" 272 297 177.47
"280" 273 249 136.91
"281" 274 1079 832.75
"282" 275 76 56.21
"283" 276 19 8.27
"284" 277 26 46.48
"285" 278 29 15.16
"286" 279 61 132.17
"287" 280 4 5.08
"288" 281 56 84.4
"289" 282 298 122.15
"290" 283 618 249.9
"291" 284 193 108.95
"292" 285 75 46.34
"293" 286 112 114.18
"294" 287 16 15.62
"295" 288 76 64.92
"296" 289 74 144.24
"297" 290 187 124.96
"298" 291 87 52.13
"299" 292 116 61.33
"300" 293 259 156.7
"301" 294 16 16.71
"302" 295 78 36.58
"303" 296 15 9.49
"304" 297 239 142.93
"305" 298 151 93.59
"306" 299 79 52.79
"307" 300 279 144.96
"308" 301 255 200.07
"309" 302 64 26.96
"310" 303 329 235.5
"311" 304 360 181.54
"312" 305 272 151.63
"313" 306 17 35.92
"314" 307 291 155.93
"315" 308 92 106.75
"316" 309 53 31.92
"317" 310 84 25.98
"318" 311 72 52.65
"319" 312 62 78.48
"320" 313 167 119.95
"321" 314 235 233.77
"322" 315 6 0.48
"323" 316 13 9.08
"324" 317 276 158.08
"325" 318 85 53.08
"326" 319 48 30.04
"327" 320 134 98.33
"328" 321 72 88.01
"329" 322 366 209.25
"330" 323 97 95.25
"331" 324 654 311.43
"332" 325 690 432.23
"333" 326 76 48.45
"334" 327 88 98.07
"335" 328 148 120.31
"336" 329 140 51.62
"337" 330 534 231.95
"338" 331 244 169.9
"339" 332 167 160.06
"340" 333 290 253.64
"341" 334 239 105.49
"342" 335 83 118.24
"343" 336 294 213.64
"344" 337 22 19.17
"345" 338 138 210.77
"346" 339 11 11.54
"347" 340 34 34.46
"348" 341 148 64.24
"349" 342 45 42.53
"350" 343 739 317.73
"351" 344 178 193.24
"352" 345 313 211.73
"353" 346 441 257.92
"354" 347 384 197.47
"355" 348 141 172.11
"356" 349 86 84.39
"357" 350 59 28.02
"358" 351 36 53.41
"359" 352 382 190.89
"360" 353 12 14.63
"361" 354 804 586.38
"362" 355 46 33.85
"363" 356 85 48.44
"364" 357 66 68.53
"365" 358 22 11.78
"366" 359 365 181.77
"367" 360 340 175.89
"368" 361 8 26.44
"369" 362 634 386.65
"370" 363 48 25.53
"371" 364 562 309.4
"372" 365 10 6.45
"373" 366 144 96.18
"374" 367 118 56.55
"375" 368 220 158.3
"376" 369 87 61.53
"377" 370 216 108.85
"378" 371 66 43.48
"379" 372 63 32.84
"380" 373 85 48.09
"381" 374 51 21.61
"382" 375 130 57.78
"383" 376 333 152.42
"384" 377 154 98.46
"385" 378 414 318.77
"386" 379 25 11.81
"387" 380 321 187.33
"388" 381 164 89.37
"389" 382 17 20.14
"390" 383 8 5.48
"391" 384 218 184.82
"392" 385 230 222.66
"393" 386 23 22.03
"394" 387 79 66.26
"395" 388 255 173.37
"396" 389 612 322.59
"397" 390 37 21.32
"398" 391 488 328.56
"399" 392 10 20.23
"400" 393 133 101.33
"401" 394 18 10.2
"402" 395 207 166.04
"403" 396 40 20.93
"404" 397 62 38.39
"405" 398 19 15.37
"406" 399 159 111.83
"407" 400 25 29.23
"408" 401 233 122.55
"409" 402 190 111.26
"410" 403 377 246.69
"411" 404 9 4.01
"412" 405 23 20.35
"413" 406 320 174.86
"414" 407 74 63.92
"415" 408 4 2.3
"416" 409 95 36.91
"417" 410 71 232.49
"418" 411 236 133.12
"419" 412 238 118.44
"420" 413 93 50.16
"421" 414 32 36.4
"422" 415 90 46.15
"423" 416 95 94.39
"424" 417 1 0.83
"425" 418 55 30.82
"426" 419 129 85.68
"427" 420 328 293.68
"428" 421 112 46.7
"429" 422 33 22.46
"430" 423 20 8.87
"431" 424 416 224.32
"432" 425 86 40.36
"433" 426 19 19.55
"434" 427 184 134.79
"435" 428 105 45.04
"436" 429 22 23.64
"437" 430 2 0.29
"438" 431 71 89.6
"439" 432 311 232.7
"440" 433 74 46.57
"441" 434 646 495.41
"442" 435 212 126.33
"443" 436 222 154.83
"444" 437 102 66.19
"445" 438 451 359.04
"446" 439 96 78.33
"447" 440 132 78.47
"448" 441 15 8.16
"449" 442 1157 544.33
"450" 443 35 35.09
"451" 444 14 59.65
"452" 445 704 402.88
"453" 446 145 142.25
"454" 447 129 158.07
"455" 448 16 13.51
"457" 449 45 42.28
"458" 450 51 42.56
"459" 451 17 10.41
"460" 452 171 168.53
"461" 453 609 343.91
"462" 454 86 55.11
"463" 455 34 25.51
"464" 456 27 31.89
"465" 457 206 186.8
"466" 458 231 217.41
"467" 459 11 10.53
"468" 460 119 68.64
"469" 461 163 82.65
"470" 462 64 40.01
"471" 463 205 104.4
"472" 464 351 255.6
"473" 465 171 95.68
"474" 466 173 85.46
"475" 467 323 225.08
"476" 468 52 45.16
"477" 469 453 227.02
"478" 470 104 52.26
"479" 471 65 99.92
"480" 472 384 195.87
"481" 473 97 56.87
"482" 474 379 195.82
"483" 475 122 106.85
"484" 476 26 13.64
"485" 477 230 213.68
"486" 478 39 68.47
"487" 479 144 63.28
"488" 480 220 152.03
"489" 481 60 31.28
"490" 482 117 50.32
"491" 483 235 138.36
"492" 484 82 47.8
"493" 485 13 19.22
"494" 486 94 64.53
"495" 487 490 269.68
"496" 488 115 130.88
"497" 489 168 188.42
"498" 490 41 19.04
"499" 491 129 70.18
"500" 492 37 30.14
"501" 493 37 36.93
"502" 494 29 39.5
"503" 495 17 26.42
"504" 496 241 236.28
"505" 497 44 23.38
"506" 498 93 68.31
"507" 499 209 126.78
"508" 500 10 27.49
"509" 501 83 49.6
"511" 502 68 122.67
"512" 503 13 7.23
"513" 504 23 44.1
"514" 505 110 57.63
"515" 506 133 96.98
"516" 507 4 0.34
"517" 508 92 58.79
"518" 509 65 53.06
"519" 510 51 54.15
"520" 511 101 102.58
"521" 512 317 164.67
"522" 513 45 48.39
"523" 514 26 28.81
"524" 515 57 54.05
"525" 516 44 26.36
"526" 517 37 37.51
"527" 518 17 11.97
"528" 519 81 48.77
"529" 520 26 17.16
"530" 521 12 4.72
"531" 522 160 75.71
"532" 523 289 156.96
"533" 524 16 20.48
"534" 525 89 73.45
"535" 526 58 28.14
"536" 527 274 174.4
"537" 528 289 188.96
"538" 529 135 81.18
"539" 530 2 0.94
"540" 531 115 68.59
"541" 532 19 14.06
"542" 533 191 167.02
"543" 534 44 31.02
"544" 535 114 50.03
"545" 536 44 22.65
"546" 537 53 27.28
"547" 538 149 180.73
"548" 539 160 140.98
"549" 540 13 12.7
"550" 541 100 104.62
"551" 542 33 29.4
"552" 543 288 168.07
"553" 544 59 53
"554" 545 142 129.6
"555" 546 22 12.17
"556" 547 230 158.76
"557" 548 59 39.89
"558" 549 19 29.18
"559" 550 327 248.1
"560" 551 9 6.72
"561" 552 16 11.91
"562" 553 379 236.68
"563" 554 22 39.4
"564" 555 81 50.59
"565" 556 171 104.63
"566" 557 30 28.76
"567" 558 90 247.21
"568" 559 69 46.08
"569" 560 22 23.13
"570" 561 44 24.82
"571" 562 8 6.56
"572" 563 19 9.93
"573" 564 29 25.91
"574" 565 25 30.52
"575" 566 71 33.98
"576" 567 165 158.39
"577" 568 199 81.69
"578" 569 93 63.88
"579" 570 23 17.87
"580" 571 166 158.65
"581" 572 12 6.34
"582" 573 74 40.86
"583" 574 43 84.39
"584" 575 139 155.77
"585" 576 120 79.21
"586" 577 30 25.67
"587" 578 93 341.69
"588" 579 37 168.34
"589" 580 242 235.08
"590" 581 7 25.1
"591" 582 44 22.15
"592" 583 113 104.35
"593" 584 2 2.04
"594" 585 93 55.17
"595" 586 139 117.87
"596" 587 497 249.09
"597" 588 328 255.08
"598" 589 120 64.44
"599" 590 114 73.07
"600" 591 238 144.49
"601" 592 509 277.15
"602" 593 161 65.54
"603" 594 47 38.01
"604" 595 160 152.25
"605" 596 77 44.61
"606" 597 40 127.82
"607" 598 185 211.93
"608" 599 85 268.84
"609" 600 28 41.4
"610" 601 73 52.73
"611" 602 356 203.76
"612" 603 206 131.17
"613" 604 87 60.94
"614" 605 18 8.4
"615" 606 87 71.82
"616" 607 420 386.31
"617" 608 93 67.98
"618" 609 287 145
"619" 610 59 33.47
"620" 611 110 56.56
"621" 612 381 283.21
"622" 613 61 30.26
"623" 614 24 15.42
"624" 615 303 251.11
"625" 616 2 1.49
"626" 617 238 217.28
"627" 618 28 27.49
"628" 619 601 230.78
"629" 620 13 21.36
"630" 621 1 2.64
"631" 622 19 14.58
"632" 623 187 113.59
"633" 624 110 87.09
"634" 625 344 179.8
"635" 626 185 250.43
"636" 627 62 44.6
"637" 628 101 78.2
"638" 629 36 44.55
"639" 630 35 32.72
"640" 631 60 80.2
"641" 632 726 451.66
"642" 633 120 84.91
"643" 634 230 99.84
"644" 635 166 78.99
"645" 636 110 39.84
"646" 637 44 16.99
"647" 638 314 197.65
"648" 639 55 45.75
"649" 640 90 163.9
"650" 641 36 35.14
"651" 642 7 7.36
"652" 643 2 1.8
"653" 644 116 58.59
"654" 645 63 32.21
"655" 646 216 90.27
"656" 647 123 74.46
"657" 648 121 88.88
"658" 649 154 89.26
"659" 650 267 183.24
"660" 651 17 11.56
"661" 652 249 248.65
"662" 653 20 12
"663" 654 145 77.4
"664" 655 92 106.18
"665" 656 448 222.27
"666" 657 26 19.65
"667" 658 32 22.29
"668" 659 125 99.53
"669" 660 179 136.79
"670" 661 481 316.92
"671" 662 301 220.04
"672" 663 396 267.14
"673" 664 6 5.51
"674" 665 131 60.32
"675" 666 106 85.97
"676" 667 571 381.22
"677" 668 45 63.32
"678" 669 183 64.55
"679" 670 106 42.22
"680" 671 15 9.66
"681" 672 546 197.5
"682" 673 240 129.91
"683" 674 132 58.61
"684" 675 922 503.73
"685" 676 507 480.27
"686" 677 20 25.48
"688" 678 188 106.34
"689" 679 105 86.94
"690" 680 223 165.75
"691" 681 397 197.12
"692" 682 13 11.33
"693" 683 213 153.66
"694" 684 17 73.95
"695" 685 379 156.52
"696" 686 136 165.83
"697" 687 57 41.06
"698" 688 45 39.82
"699" 689 511 248.05
"700" 690 13 4.47
"701" 691 26 131.37
"702" 692 574 229.27
"703" 693 123 118.57
"704" 694 138 139.84
"706" 695 49 29.07
"707" 696 96 51.77
"708" 697 3 1.56
"709" 698 34 22.96
"710" 699 136 88.19
"711" 700 117 51.72
"712" 701 443 310.3
"713" 702 282 168.38
"714" 703 189 101.18
"715" 704 88 69.51
"716" 705 144 90.22
"717" 706 199 121.87
"718" 707 218 113.21
"719" 708 191 79.3
"720" 709 77 56.49
"721" 710 25 14.84
"722" 711 2 1.74
"723" 712 147 119.81
"724" 713 22 17.96
"725" 714 28 21.48
"726" 715 493 276.72
"727" 716 8 6.36
"728" 717 4 0.88
"729" 718 425 273.23
"730" 719 286 190.47
"731" 720 193 125.59
"733" 721 455 271.12
"734" 722 755 412.11
"735" 723 20 15.45
"736" 724 18 29.38
"737" 725 61 27.08
"738" 726 330 163.69
"739" 727 116 117.87
"740" 728 70 35.7
"741" 729 46 40.01
"742" 730 168 170.2
"744" 731 151 90.88
"745" 732 496 237.3
"746" 733 59 40.98
"747" 734 47 34.9
"748" 735 31 21.43
"749" 736 289 134.33
"750" 737 206 122.69
"751" 738 91 43.29
"752" 739 3 2.44
"753" 740 12 14.2
"754" 741 4 2.66
"755" 742 104 48.23
"756" 743 69 40.64
"757" 744 14 15.45
"758" 745 140 178.94
"759" 746 273 168.48
"760" 747 61 48.25
"761" 748 17 13.67
"762" 749 48 43.31
"763" 750 60 68.04
"764" 751 358 178.32
"765" 752 80 39.7
"766" 753 60 36.65
"767" 754 152 156.3
"768" 755 376 194.03
"769" 756 186 110.27
"770" 757 103 39.62
"771" 758 33 20.57
"772" 759 131 73.97
"773" 760 548 316.94
"774" 761 155 77.92
"775" 762 20 19.59
"776" 763 59 29.22
"777" 764 376 221.07
"778" 765 128 74.07
"779" 766 50 23
"780" 767 200 143.58
"781" 768 100 144.36
"782" 769 96 66.96
"783" 770 17 19.43
"784" 771 346 202.18
"785" 772 86 67.65
"786" 773 3 1.48
"787" 774 36 155.99
"788" 775 19 11.02
"789" 776 6 7.65
"790" 777 28 32.88
"791" 778 194 144.96
"792" 779 108 75.15
"793" 780 613 334.5
"794" 781 40 66.41
"795" 782 105 61.87
"796" 783 272 134.66
"797" 784 123 102.54
"798" 785 1 1.1
"799" 786 21 11.31
"800" 787 114 68.17
"801" 788 36 21.39
"802" 789 71 40.77
"803" 790 38 20.12
"804" 791 387 187.9
"805" 792 248 163.64
"806" 793 71 38.24
"807" 794 27 21.48
"808" 795 34 15.08
"809" 796 67 44.93
"810" 797 180 160.82
"811" 798 297 175.85
"812" 799 56 31.38
"813" 800 206 148.52
"814" 801 202 95.6
"815" 802 5 9.62
"816" 803 69 31.13
"817" 804 82 45.03
"818" 805 101 138.7
"819" 806 44 129.78
"820" 807 122 68.78
"821" 808 261 179.14
"822" 809 24 21.82
"823" 810 157 129.94
"824" 811 265 200.79
"825" 812 82 85.65
"826" 813 117 131.72
"827" 814 32 35.01
"828" 815 48 41.38
"829" 816 93 96.43
"830" 817 116 96.45
"831" 818 148 159.82
"832" 819 3 2.08
"833" 820 121 115.5
"834" 821 605 452.82
"835" 822 136 66.65
"836" 823 6 10.62
"837" 824 27 21.45
"838" 825 23 23.44
"839" 826 33 23.95
"840" 827 14 9.02
"841" 828 11 9.88
"842" 829 422 266.42
"843" 830 254 128.46
"844" 831 156 112.8
"845" 832 88 61.57
"846" 833 20 21.23
"847" 834 445 278.05
"848" 835 14 27.16
"849" 836 150 110.91
"850" 837 199 183.16
"851" 838 129 101.25
"852" 839 33 14.95
"853" 840 13 9.49
"854" 841 12 15.7
"855" 842 114 56.56
"856" 843 124 63.97
"857" 844 179 229.21
"858" 845 14 13.81
"859" 846 38 28.14
"860" 847 207 219.18
"861" 848 139 86.51
"862" 849 268 158.45
"863" 850 360 258.48
"864" 851 33 18.54
"865" 852 111 62.22
"866" 853 17 10.4
"867" 854 21 13.6
"868" 855 454 198.8
"869" 856 471 310.12
"870" 857 352 354.77
"871" 858 4 0.49
"872" 859 6 2.14
"873" 860 139 65.8
"874" 861 114 113.23
"875" 862 12 14.38
"876" 863 91 37.63
"877" 864 53 44.02
"878" 865 36 27.15
"879" 866 176 129.51
"880" 867 40 65.7
"881" 868 37 23.76
"882" 869 297 146.34
"883" 870 46 31.89
"884" 871 87 38.77
"885" 872 47 39.57
"887" 873 323 127.62
"888" 874 221 115.06
"889" 875 53 31.39
"890" 876 76 72.62
"891" 877 73 111.3
"892" 878 60 39.08
"893" 879 65 107.35
"894" 880 347 149.73
"896" 881 35 37.4
"897" 882 195 82.64
"898" 883 275 165.86
"899" 884 123 59.48
"900" 885 95 134.35
"901" 886 191 68.61
"902" 887 471 264.21
"903" 888 29 29.6
"904" 889 33 21
"906" 890 45 69.78
"907" 891 8 6.63
"908" 892 13 7.89
"909" 893 235 196.54
"910" 894 72 80.64
"911" 895 14 7.95
"912" 896 49 23.29
"913" 897 205 116.88
"914" 898 146 64.6
"915" 899 137 110.53
"916" 900 6 2.62
"917" 901 10 11.91
"918" 902 367 199.27
"919" 903 28 36.44
"920" 904 203 96.7
"921" 905 132 113.12
"922" 906 504 274.4
"923" 907 202 193.91
"924" 908 7 0.83
"925" 909 13 8.71
"926" 910 38 19.2
"927" 911 7 4.13
"928" 912 175 121.87
"929" 913 408 159.15
"930" 914 51 29.23
"931" 915 49 30.65
"932" 916 189 120.71
"933" 917 104 73.63
"934" 918 84 45.83
"935" 919 22 13.03
"936" 920 393 251.91
"937" 921 108 106.78
"938" 922 30 21.58
"939" 923 40 40.06
"940" 924 7 0.32
"941" 925 13 10.98
"942" 926 63 39.75
"943" 927 94 83.68
"944" 928 20 14.09
"945" 929 356 206.56
"946" 930 131 69.2
"947" 931 192 99.43
"948" 932 159 166.96
"949" 933 77 50.12
"950" 934 28 10.3
"951" 935 338 284.53
"952" 936 38 24.85
"954" 937 84 57.1
"955" 938 104 107.37
"956" 939 151 156.68
"957" 940 62 38.95
"958" 941 22 37.33
"959" 942 23 8.26
"960" 943 87 41.75
"961" 944 22 22.89
"962" 945 33 14.96
"963" 946 267 158.31
"964" 947 386 339.96
"965" 948 129 153.28
"966" 949 105 72.59
"967" 950 11 8.93
"968" 951 63 122.69
"969" 952 52 33.3
"970" 953 23 23.71
"971" 954 39 53.28
"972" 955 85 63.37
"973" 956 126 119.01
"974" 957 17 16.76
"975" 958 175 115.81
"976" 959 238 183.11
"977" 960 60 30.14
"978" 961 187 78.6
"979" 962 117 84.93
"980" 963 151 91.03
"981" 964 40 40.52
"982" 965 257 167.91
"983" 966 3 2
"984" 967 66 49.89
"985" 968 159 91.65
"986" 969 52 48.07
"987" 970 201 191.19
"988" 971 596 317.13
"989" 972 98 59.59
"990" 973 582 305.02
"991" 974 380 202.07
"992" 975 14 5.84
"993" 976 122 130.93
"994" 977 412 179.86
"995" 978 486 356.16
"996" 979 92 55.07
"997" 980 214 181.65
"998" 981 132 123.37
"999" 982 173 197.4
"1000" 983 300 164.41
